time	V(vc)
0.000000000000000e+00	0.000000e+00
1.000000000000000e-12	1.000200e-08
1.424413176187372e-06	2.846783e-02
2.848825352374743e-06	5.689527e-02
4.273237528562115e-06	8.528234e-02
5.697649704749487e-06	1.136290e-01
7.122061880936859e-06	1.419353e-01
8.546474057124230e-06	1.702013e-01
9.970886233311598e-06	1.984268e-01
9.980886233311598e-06	1.986248e-01
2.022088623331234e-05	4.003563e-01
3.046088623331398e-05	6.000326e-01
4.070088623331562e-05	7.976746e-01
5.094088623331725e-05	9.933031e-01
6.118088623331879e-05	1.186939e+00
7.142088623331349e-05	1.378601e+00
8.166088623330819e-05	1.568311e+00
9.190088623330289e-05	1.756089e+00
1.021408862332976e-04	1.941953e+00
1.123808862332923e-04	2.125924e+00
1.226208862332870e-04	2.308021e+00
1.328608862332817e-04	2.488262e+00
1.431008862332764e-04	2.666667e+00
1.533408862332711e-04	2.843255e+00
1.635808862332658e-04	3.018044e+00
1.738208862332605e-04	3.191051e+00
1.840608862332552e-04	3.362297e+00
1.943008862332499e-04	3.531798e+00
2.045408862332446e-04	3.699572e+00
2.147808862332393e-04	3.865636e+00
2.250208862332340e-04	4.030009e+00
2.352608862332287e-04	4.192708e+00
2.455008862332234e-04	4.353748e+00
2.557408862332181e-04	4.513148e+00
2.659808862332128e-04	4.670925e+00
2.762208862332075e-04	4.827093e+00
2.864608862332022e-04	4.981671e+00
2.967008862331969e-04	5.134674e+00
3.069408862331916e-04	5.286118e+00
3.171808862331863e-04	5.436019e+00
3.274208862331809e-04	5.584394e+00
3.376608862331756e-04	5.731256e+00
3.479008862331703e-04	5.876623e+00
3.581408862331650e-04	6.020508e+00
3.683808862331597e-04	6.162928e+00
3.786208862331544e-04	6.303896e+00
3.888608862331491e-04	6.443429e+00
3.991008862331438e-04	6.581540e+00
4.093408862331385e-04	6.718244e+00
4.195808862331332e-04	6.853555e+00
4.298208862331279e-04	6.987488e+00
4.400608862331226e-04	7.120056e+00
4.503008862331173e-04	7.251274e+00
4.605408862331120e-04	7.381154e+00
4.707808862331067e-04	7.509712e+00
4.810208862331014e-04	7.636960e+00
4.912608862331123e-04	7.762911e+00
5.015008862331625e-04	7.887580e+00
5.117408862332127e-04	8.010978e+00
5.219808862332629e-04	8.133120e+00
5.322208862333131e-04	8.254016e+00
5.424608862333633e-04	8.373681e+00
5.527008862334135e-04	8.492127e+00
5.629408862334637e-04	8.609366e+00
5.731808862335139e-04	8.725411e+00
5.834208862335641e-04	8.840274e+00
5.936608862336144e-04	8.953967e+00
6.039008862336646e-04	9.066501e+00
6.141408862337148e-04	9.177889e+00
6.243808862337650e-04	9.288141e+00
6.346208862338152e-04	9.397271e+00
6.448608862338654e-04	9.505289e+00
6.551008862339156e-04	9.612206e+00
6.653408862339658e-04	9.718035e+00
6.755808862340160e-04	9.822785e+00
6.858208862340662e-04	9.926468e+00
6.960608862341164e-04	1.002909e+01
7.063008862341667e-04	1.013068e+01
7.165408862342169e-04	1.023122e+01
7.267808862342671e-04	1.033074e+01
7.370208862343173e-04	1.042925e+01
7.472608862343675e-04	1.052676e+01
7.575008862344177e-04	1.062327e+01
7.677408862344679e-04	1.071879e+01
7.779808862345181e-04	1.081335e+01
7.882208862345683e-04	1.090694e+01
7.984608862346185e-04	1.099958e+01
8.087008862346687e-04	1.109127e+01
8.189408862347190e-04	1.118203e+01
8.291808862347692e-04	1.127187e+01
8.394208862348194e-04	1.136079e+01
8.496608862348696e-04	1.144880e+01
8.599008862349198e-04	1.153592e+01
8.701408862349700e-04	1.162215e+01
8.803808862350202e-04	1.170750e+01
8.906208862350704e-04	1.179198e+01
9.008608862351206e-04	1.187560e+01
9.111008862351708e-04	1.195837e+01
9.213408862352210e-04	1.204030e+01
9.315808862352713e-04	1.212139e+01
9.418208862353215e-04	1.220166e+01
9.520608862353717e-04	1.228110e+01
9.623008862354219e-04	1.235974e+01
9.725408862354721e-04	1.243758e+01
9.827808862354550e-04	1.251462e+01
9.930208862353942e-04	1.259088e+01
1.003260886235333e-03	1.266636e+01
1.013500886235273e-03	1.274108e+01
1.023740886235212e-03	1.281503e+01
1.033980886235151e-03	1.288823e+01
1.044220886235090e-03	1.296068e+01
1.054460886235029e-03	1.303240e+01
1.064700886234968e-03	1.310338e+01
1.074940886234908e-03	1.317364e+01
1.085180886234847e-03	1.324319e+01
1.095420886234786e-03	1.331202e+01
1.105660886234725e-03	1.338016e+01
1.115900886234664e-03	1.344760e+01
1.126140886234604e-03	1.351435e+01
1.136380886234543e-03	1.358043e+01
1.146620886234482e-03	1.364583e+01
1.156860886234421e-03	1.371056e+01
1.167100886234360e-03	1.377464e+01
1.177340886234300e-03	1.383806e+01
1.187580886234239e-03	1.390084e+01
1.197820886234178e-03	1.396297e+01
1.208060886234117e-03	1.402448e+01
1.218300886234056e-03	1.408536e+01
1.228540886233995e-03	1.414561e+01
1.238780886233935e-03	1.420526e+01
1.249020886233874e-03	1.426429e+01
1.259260886233813e-03	1.432273e+01
1.269500886233752e-03	1.438056e+01
1.279740886233691e-03	1.443781e+01
1.289980886233631e-03	1.449448e+01
1.300220886233570e-03	1.455057e+01
1.310460886233509e-03	1.460609e+01
1.320700886233448e-03	1.466104e+01
1.330940886233387e-03	1.471543e+01
1.341180886233327e-03	1.476927e+01
1.351420886233266e-03	1.482256e+01
1.361660886233205e-03	1.487530e+01
1.371900886233144e-03	1.492751e+01
1.382140886233083e-03	1.497919e+01
1.392380886233022e-03	1.503034e+01
1.402620886232962e-03	1.508097e+01
1.412860886232901e-03	1.513108e+01
1.423100886232840e-03	1.518069e+01
1.433340886232779e-03	1.522978e+01
1.443580886232718e-03	1.527838e+01
1.453820886232658e-03	1.532649e+01
1.464060886232597e-03	1.537410e+01
1.474300886232536e-03	1.542123e+01
1.484540886232475e-03	1.546787e+01
1.494780886232414e-03	1.551404e+01
1.505020886232353e-03	1.555975e+01
1.515260886232293e-03	1.560498e+01
1.525500886232232e-03	1.564976e+01
1.535740886232171e-03	1.569408e+01
1.545980886232110e-03	1.573795e+01
1.556220886232049e-03	1.578137e+01
1.566460886231989e-03	1.582434e+01
1.576700886231928e-03	1.586689e+01
1.586940886231867e-03	1.590899e+01
1.597180886231806e-03	1.595067e+01
1.607420886231745e-03	1.599192e+01
1.617660886231685e-03	1.603276e+01
1.627900886231624e-03	1.607317e+01
1.638140886231563e-03	1.611318e+01
1.648380886231502e-03	1.615278e+01
1.658620886231441e-03	1.619197e+01
1.668860886231380e-03	1.623077e+01
1.679100886231320e-03	1.626917e+01
1.689340886231259e-03	1.630718e+01
1.699580886231198e-03	1.634480e+01
1.709820886231137e-03	1.638204e+01
1.720060886231076e-03	1.641890e+01
1.730300886231016e-03	1.645538e+01
1.740540886230955e-03	1.649149e+01
1.750780886230894e-03	1.652723e+01
1.761020886230833e-03	1.656261e+01
1.771260886230772e-03	1.659763e+01
1.781500886230712e-03	1.663230e+01
1.791740886230651e-03	1.666660e+01
1.801980886230590e-03	1.670057e+01
1.812220886230529e-03	1.673418e+01
1.822460886230468e-03	1.676745e+01
1.832700886230407e-03	1.680038e+01
1.842940886230347e-03	1.683298e+01
1.853180886230286e-03	1.686524e+01
1.863420886230225e-03	1.689718e+01
1.873660886230164e-03	1.692879e+01
1.883900886230103e-03	1.696008e+01
1.894140886230043e-03	1.699105e+01
1.904380886229982e-03	1.702170e+01
1.914620886229921e-03	1.705205e+01
1.924860886229860e-03	1.708208e+01
1.935100886229799e-03	1.711181e+01
1.945340886229739e-03	1.714123e+01
1.955580886229678e-03	1.717035e+01
1.965820886229617e-03	1.719918e+01
1.976060886229556e-03	1.722772e+01
1.986300886229495e-03	1.725596e+01
1.996540886229435e-03	1.728391e+01
2.006780886229374e-03	1.731159e+01
2.017020886229313e-03	1.733898e+01
2.027260886229252e-03	1.736609e+01
2.037500886229191e-03	1.739292e+01
2.047740886229131e-03	1.741948e+01
2.057980886229070e-03	1.744577e+01
2.068220886229009e-03	1.747179e+01
2.078460886228948e-03	1.749755e+01
2.088700886228887e-03	1.752304e+01
2.098940886228827e-03	1.754828e+01
2.109180886228766e-03	1.757325e+01
2.119420886228705e-03	1.759798e+01
2.129660886228644e-03	1.762245e+01
2.139900886228583e-03	1.764667e+01
2.150140886228522e-03	1.767064e+01
2.160380886228462e-03	1.769438e+01
2.170620886228401e-03	1.771786e+01
2.180860886228340e-03	1.774112e+01
2.191100886228279e-03	1.776413e+01
2.201340886228218e-03	1.778691e+01
2.211580886228158e-03	1.780945e+01
2.221820886228097e-03	1.783177e+01
2.232060886228036e-03	1.785386e+01
2.242300886227975e-03	1.787572e+01
2.252540886227914e-03	1.789737e+01
2.262780886227854e-03	1.791879e+01
2.273020886227793e-03	1.793999e+01
2.283260886227732e-03	1.796098e+01
2.293500886227671e-03	1.798175e+01
2.303740886227610e-03	1.800231e+01
2.313980886227549e-03	1.802266e+01
2.324220886227489e-03	1.804281e+01
2.334460886227428e-03	1.806275e+01
2.344700886227367e-03	1.808248e+01
2.354940886227306e-03	1.810202e+01
2.365180886227245e-03	1.812135e+01
2.375420886227185e-03	1.814049e+01
2.385660886227124e-03	1.815944e+01
2.395900886227063e-03	1.817819e+01
2.406140886227002e-03	1.819675e+01
2.416380886226941e-03	1.821512e+01
2.426620886226881e-03	1.823330e+01
2.436860886226820e-03	1.825130e+01
2.447100886226759e-03	1.826912e+01
2.457340886226698e-03	1.828675e+01
2.467580886226637e-03	1.830420e+01
2.477820886226576e-03	1.832148e+01
2.488060886226516e-03	1.833858e+01
2.498300886226455e-03	1.835551e+01
2.508540886226394e-03	1.837226e+01
2.518780886226333e-03	1.838885e+01
2.529020886226272e-03	1.840526e+01
2.539260886226212e-03	1.842150e+01
2.549500886226151e-03	1.843759e+01
2.559740886226090e-03	1.845350e+01
2.569980886226029e-03	1.846926e+01
2.580220886225968e-03	1.848485e+01
2.590460886225907e-03	1.850029e+01
2.600700886225847e-03	1.851557e+01
2.610940886225786e-03	1.853069e+01
2.621180886225725e-03	1.854566e+01
2.631420886225664e-03	1.856048e+01
2.641660886225603e-03	1.857514e+01
2.651900886225543e-03	1.858966e+01
2.662140886225482e-03	1.860403e+01
2.672380886225421e-03	1.861825e+01
2.682620886225360e-03	1.863233e+01
2.692860886225299e-03	1.864626e+01
2.703100886225239e-03	1.866005e+01
2.713340886225178e-03	1.867370e+01
2.723580886225117e-03	1.868721e+01
2.733820886225056e-03	1.870059e+01
2.744060886224995e-03	1.871383e+01
2.754300886224934e-03	1.872693e+01
2.764540886224874e-03	1.873990e+01
2.774780886224813e-03	1.875274e+01
2.785020886224752e-03	1.876544e+01
2.795260886224691e-03	1.877802e+01
2.805500886224630e-03	1.879047e+01
2.815740886224570e-03	1.880279e+01
2.825980886224509e-03	1.881499e+01
2.836220886224448e-03	1.882706e+01
2.846460886224387e-03	1.883901e+01
2.856700886224326e-03	1.885084e+01
2.866940886224266e-03	1.886255e+01
2.877180886224205e-03	1.887414e+01
2.887420886224144e-03	1.888560e+01
2.897660886224083e-03	1.889696e+01
2.907900886224022e-03	1.890820e+01
2.918140886223961e-03	1.891932e+01
2.928380886223901e-03	1.893033e+01
2.938620886223840e-03	1.894123e+01
2.948860886223779e-03	1.895201e+01
2.959100886223718e-03	1.896269e+01
2.969340886223657e-03	1.897326e+01
2.979580886223597e-03	1.898372e+01
2.989820886223536e-03	1.899407e+01
3.000060886223475e-03	1.900432e+01
3.010300886223414e-03	1.901446e+01
3.020540886223353e-03	1.902450e+01
3.030780886223293e-03	1.903444e+01
3.041020886223232e-03	1.904428e+01
3.051260886223171e-03	1.905401e+01
3.061500886223110e-03	1.906365e+01
3.071740886223049e-03	1.907319e+01
3.081980886222988e-03	1.908263e+01
3.092220886222928e-03	1.909198e+01
3.102460886222867e-03	1.910123e+01
3.112700886222806e-03	1.911039e+01
3.122940886222745e-03	1.911945e+01
3.133180886222684e-03	1.912842e+01
3.143420886222624e-03	1.913730e+01
3.153660886222563e-03	1.914609e+01
3.163900886222502e-03	1.915479e+01
3.174140886222441e-03	1.916340e+01
3.184380886222380e-03	1.917192e+01
3.194620886222319e-03	1.918036e+01
3.204860886222259e-03	1.918871e+01
3.215100886222198e-03	1.919697e+01
3.225340886222137e-03	1.920515e+01
3.235580886222076e-03	1.921325e+01
3.245820886222015e-03	1.922127e+01
3.256060886221955e-03	1.922920e+01
3.266300886221894e-03	1.923705e+01
3.276540886221833e-03	1.924483e+01
3.286780886221772e-03	1.925252e+01
3.297020886221711e-03	1.926014e+01
3.307260886221651e-03	1.926767e+01
3.317500886221590e-03	1.927514e+01
3.327740886221529e-03	1.928252e+01
3.337980886221468e-03	1.928983e+01
3.348220886221407e-03	1.929706e+01
3.358460886221346e-03	1.930422e+01
3.368700886221286e-03	1.931131e+01
3.378940886221225e-03	1.931833e+01
3.389180886221164e-03	1.932527e+01
3.399420886221103e-03	1.933215e+01
3.409660886221042e-03	1.933895e+01
3.419900886220982e-03	1.934569e+01
3.430140886220921e-03	1.935235e+01
3.440380886220860e-03	1.935895e+01
3.450620886220799e-03	1.936548e+01
3.460860886220738e-03	1.937195e+01
3.471100886220678e-03	1.937834e+01
3.481340886220617e-03	1.938468e+01
3.491580886220556e-03	1.939095e+01
3.501820886220495e-03	1.939715e+01
3.512060886220434e-03	1.940329e+01
3.522300886220373e-03	1.940937e+01
3.532540886220313e-03	1.941539e+01
3.542780886220252e-03	1.942134e+01
3.553020886220191e-03	1.942724e+01
3.563260886220130e-03	1.943307e+01
3.573500886220069e-03	1.943885e+01
3.583740886220009e-03	1.944457e+01
3.593980886219948e-03	1.945023e+01
3.604220886219887e-03	1.945583e+01
3.614460886219826e-03	1.946137e+01
3.624700886219765e-03	1.946686e+01
3.634940886219705e-03	1.947229e+01
3.645180886219644e-03	1.947767e+01
3.655420886219583e-03	1.948299e+01
3.665660886219522e-03	1.948825e+01
3.675900886219461e-03	1.949347e+01
3.686140886219400e-03	1.949863e+01
3.696380886219340e-03	1.950374e+01
3.706620886219279e-03	1.950879e+01
3.716860886219218e-03	1.951380e+01
3.727100886219157e-03	1.951875e+01
3.737340886219096e-03	1.952365e+01
3.747580886219036e-03	1.952851e+01
3.757820886218975e-03	1.953331e+01
3.768060886218914e-03	1.953806e+01
3.778300886218853e-03	1.954277e+01
3.788540886218792e-03	1.954743e+01
3.798780886218732e-03	1.955204e+01
3.809020886218671e-03	1.955660e+01
3.819260886218610e-03	1.956112e+01
3.829500886218549e-03	1.956559e+01
3.839740886218488e-03	1.957002e+01
3.849980886218427e-03	1.957440e+01
3.860220886218367e-03	1.957873e+01
3.870460886218306e-03	1.958302e+01
3.880700886218245e-03	1.958727e+01
3.890940886218184e-03	1.959148e+01
3.901180886218123e-03	1.959564e+01
3.911420886218063e-03	1.959976e+01
3.921660886218002e-03	1.960384e+01
3.931900886217941e-03	1.960787e+01
3.942140886217881e-03	1.961187e+01
3.952380886217820e-03	1.961582e+01
3.962620886217759e-03	1.961974e+01
3.972860886217698e-03	1.962361e+01
3.983100886217637e-03	1.962744e+01
3.993340886217576e-03	1.963124e+01
4.003580886217516e-03	1.963500e+01
4.013820886217455e-03	1.963872e+01
4.024060886217394e-03	1.964240e+01
4.034300886217333e-03	1.964604e+01
4.044540886217272e-03	1.964964e+01
4.054780886217212e-03	1.965321e+01
4.065020886217151e-03	1.965675e+01
4.075260886217090e-03	1.966024e+01
4.085500886217029e-03	1.966371e+01
4.095740886216968e-03	1.966713e+01
4.105980886216908e-03	1.967052e+01
4.116220886216847e-03	1.967388e+01
4.126460886216786e-03	1.967720e+01
4.136700886216725e-03	1.968049e+01
4.146940886216664e-03	1.968375e+01
4.157180886216603e-03	1.968697e+01
4.167420886216543e-03	1.969016e+01
4.177660886216482e-03	1.969331e+01
4.187900886216421e-03	1.969644e+01
4.198140886216360e-03	1.969953e+01
4.208380886216299e-03	1.970259e+01
4.218620886216239e-03	1.970562e+01
4.228860886216178e-03	1.970862e+01
4.239100886216117e-03	1.971159e+01
4.249340886216056e-03	1.971453e+01
4.259580886215995e-03	1.971744e+01
4.269820886215935e-03	1.972031e+01
4.280060886215874e-03	1.972316e+01
4.290300886215813e-03	1.972598e+01
4.300540886215752e-03	1.972878e+01
4.310780886215691e-03	1.973154e+01
4.321020886215630e-03	1.973427e+01
4.331260886215570e-03	1.973698e+01
4.341500886215509e-03	1.973966e+01
4.351740886215448e-03	1.974231e+01
4.361980886215387e-03	1.974494e+01
4.372220886215326e-03	1.974754e+01
4.382460886215266e-03	1.975011e+01
4.392700886215205e-03	1.975266e+01
4.402940886215144e-03	1.975517e+01
4.413180886215083e-03	1.975767e+01
4.423420886215022e-03	1.976014e+01
4.433660886214962e-03	1.976258e+01
4.443900886214901e-03	1.976500e+01
4.454140886214840e-03	1.976739e+01
4.464380886214779e-03	1.976976e+01
4.474620886214718e-03	1.977211e+01
4.484860886214657e-03	1.977443e+01
4.495100886214597e-03	1.977673e+01
4.505340886214536e-03	1.977900e+01
4.515580886214475e-03	1.978126e+01
4.525820886214414e-03	1.978348e+01
4.536060886214353e-03	1.978569e+01
4.546300886214293e-03	1.978787e+01
4.556540886214232e-03	1.979003e+01
4.566780886214171e-03	1.979217e+01
4.577020886214110e-03	1.979429e+01
4.587260886214049e-03	1.979639e+01
4.597500886213989e-03	1.979846e+01
4.607740886213928e-03	1.980051e+01
4.617980886213867e-03	1.980255e+01
4.628220886213806e-03	1.980456e+01
4.638460886213745e-03	1.980655e+01
4.648700886213684e-03	1.980852e+01
4.658940886213624e-03	1.981047e+01
4.669180886213563e-03	1.981240e+01
4.679420886213502e-03	1.981431e+01
4.689660886213441e-03	1.981620e+01
4.699900886213380e-03	1.981808e+01
4.710140886213320e-03	1.981993e+01
4.720380886213259e-03	1.982176e+01
4.730620886213198e-03	1.982358e+01
4.740860886213137e-03	1.982538e+01
4.751100886213076e-03	1.982716e+01
4.761340886213015e-03	1.982892e+01
4.771580886212955e-03	1.983066e+01
4.781820886212894e-03	1.983239e+01
4.792060886212833e-03	1.983409e+01
4.802300886212772e-03	1.983578e+01
4.812540886212711e-03	1.983746e+01
4.822780886212651e-03	1.983911e+01
4.833020886212590e-03	1.984075e+01
4.843260886212529e-03	1.984237e+01
4.853500886212468e-03	1.984398e+01
4.863740886212407e-03	1.984557e+01
4.873980886212347e-03	1.984714e+01
4.884220886212286e-03	1.984870e+01
4.894460886212225e-03	1.985024e+01
4.904700886212164e-03	1.985177e+01
4.914940886212103e-03	1.985328e+01
4.925180886212042e-03	1.985477e+01
4.935420886211982e-03	1.985625e+01
4.945660886211921e-03	1.985772e+01
4.955900886211860e-03	1.985917e+01
4.966140886211799e-03	1.986060e+01
4.976380886211738e-03	1.986202e+01
4.986620886211678e-03	1.986343e+01
4.996860886211617e-03	1.986482e+01
5.007100886211556e-03	1.986619e+01
5.017340886211495e-03	1.986756e+01
5.027580886211434e-03	1.986891e+01
5.037820886211374e-03	1.987024e+01
5.048060886211313e-03	1.987156e+01
5.058300886211252e-03	1.987287e+01
5.068540886211191e-03	1.987417e+01
5.078780886211130e-03	1.987545e+01
5.089020886211069e-03	1.987672e+01
5.099260886211009e-03	1.987798e+01
5.109500886210948e-03	1.987922e+01
5.119740886210887e-03	1.988045e+01
5.129980886210826e-03	1.988167e+01
5.140220886210765e-03	1.988287e+01
5.150460886210705e-03	1.988407e+01
5.160700886210644e-03	1.988525e+01
5.170940886210583e-03	1.988642e+01
5.181180886210522e-03	1.988757e+01
5.191420886210461e-03	1.988872e+01
5.201660886210401e-03	1.988985e+01
5.211900886210340e-03	1.989097e+01
5.222140886210279e-03	1.989208e+01
5.232380886210218e-03	1.989318e+01
5.242620886210157e-03	1.989427e+01
5.252860886210096e-03	1.989535e+01
5.263100886210036e-03	1.989642e+01
5.273340886209975e-03	1.989747e+01
5.283580886209914e-03	1.989852e+01
5.293820886209853e-03	1.989955e+01
5.304060886209792e-03	1.990057e+01
5.314300886209732e-03	1.990159e+01
5.324540886209671e-03	1.990259e+01
5.334780886209610e-03	1.990358e+01
5.345020886209549e-03	1.990456e+01
5.355260886209488e-03	1.990553e+01
5.365500886209428e-03	1.990650e+01
5.375740886209367e-03	1.990745e+01
5.385980886209306e-03	1.990839e+01
5.396220886209245e-03	1.990933e+01
5.406460886209184e-03	1.991025e+01
5.416700886209123e-03	1.991117e+01
5.426940886209063e-03	1.991207e+01
5.437180886209002e-03	1.991297e+01
5.447420886208941e-03	1.991385e+01
5.457660886208880e-03	1.991473e+01
5.467900886208819e-03	1.991560e+01
5.478140886208759e-03	1.991646e+01
5.488380886208698e-03	1.991731e+01
5.498620886208637e-03	1.991815e+01
5.508860886208576e-03	1.991899e+01
5.519100886208515e-03	1.991981e+01
5.529340886208454e-03	1.992063e+01
5.539580886208394e-03	1.992144e+01
5.549820886208333e-03	1.992224e+01
5.560060886208272e-03	1.992303e+01
5.570300886208211e-03	1.992381e+01
5.580540886208150e-03	1.992459e+01
5.590780886208090e-03	1.992536e+01
5.601020886208029e-03	1.992612e+01
5.611260886207968e-03	1.992687e+01
5.621500886207907e-03	1.992762e+01
5.631740886207846e-03	1.992835e+01
5.641980886207786e-03	1.992908e+01
5.652220886207725e-03	1.992981e+01
5.662460886207664e-03	1.993052e+01
5.672700886207603e-03	1.993123e+01
5.682940886207542e-03	1.993193e+01
5.693180886207481e-03	1.993262e+01
5.703420886207421e-03	1.993331e+01
5.713660886207360e-03	1.993399e+01
5.723900886207299e-03	1.993466e+01
5.734140886207238e-03	1.993533e+01
5.744380886207177e-03	1.993599e+01
5.754620886207117e-03	1.993664e+01
5.764860886207056e-03	1.993728e+01
5.775100886206995e-03	1.993792e+01
5.785340886206934e-03	1.993855e+01
5.795580886206873e-03	1.993918e+01
5.805820886206813e-03	1.993980e+01
5.816060886206752e-03	1.994041e+01
5.826300886206691e-03	1.994102e+01
5.836540886206630e-03	1.994162e+01
5.846780886206569e-03	1.994222e+01
5.857020886206508e-03	1.994280e+01
5.867260886206448e-03	1.994339e+01
5.877500886206387e-03	1.994396e+01
5.887740886206326e-03	1.994454e+01
5.897980886206265e-03	1.994510e+01
5.908220886206204e-03	1.994566e+01
5.918460886206144e-03	1.994621e+01
5.928700886206083e-03	1.994676e+01
5.938940886206022e-03	1.994730e+01
5.949180886205961e-03	1.994784e+01
5.959420886205900e-03	1.994837e+01
5.969660886205840e-03	1.994890e+01
5.979900886205779e-03	1.994942e+01
5.990140886205718e-03	1.994993e+01
6.000380886205657e-03	1.995044e+01
6.010620886205596e-03	1.995095e+01
6.020860886205535e-03	1.995145e+01
6.031100886205475e-03	1.995194e+01
6.041340886205414e-03	1.995243e+01
6.051580886205353e-03	1.995292e+01
6.061820886205292e-03	1.995340e+01
6.072060886205231e-03	1.995387e+01
6.082300886205171e-03	1.995434e+01
6.092540886205110e-03	1.995481e+01
6.102780886205049e-03	1.995527e+01
6.113020886204988e-03	1.995572e+01
6.123260886204927e-03	1.995617e+01
6.133500886204866e-03	1.995662e+01
6.143740886204806e-03	1.995706e+01
6.153980886204745e-03	1.995750e+01
6.164220886204684e-03	1.995793e+01
6.174460886204623e-03	1.995836e+01
6.184700886204562e-03	1.995879e+01
6.194940886204502e-03	1.995921e+01
6.205180886204441e-03	1.995962e+01
6.215420886204380e-03	1.996003e+01
6.225660886204319e-03	1.996044e+01
6.235900886204258e-03	1.996084e+01
6.246140886204198e-03	1.996124e+01
6.256380886204137e-03	1.996164e+01
6.266620886204076e-03	1.996203e+01
6.276860886204015e-03	1.996241e+01
6.287100886203954e-03	1.996280e+01
6.297340886203893e-03	1.996318e+01
6.307580886203833e-03	1.996355e+01
6.317820886203772e-03	1.996392e+01
6.328060886203711e-03	1.996429e+01
6.338300886203650e-03	1.996465e+01
6.348540886203589e-03	1.996501e+01
6.358780886203529e-03	1.996537e+01
6.369020886203468e-03	1.996572e+01
6.379260886203407e-03	1.996607e+01
6.389500886203346e-03	1.996642e+01
6.399740886203285e-03	1.996676e+01
6.409980886203225e-03	1.996710e+01
6.420220886203164e-03	1.996743e+01
6.430460886203103e-03	1.996777e+01
6.440700886203042e-03	1.996809e+01
6.450940886202981e-03	1.996842e+01
6.461180886202920e-03	1.996874e+01
6.471420886202860e-03	1.996906e+01
6.481660886202799e-03	1.996938e+01
6.491900886202738e-03	1.996969e+01
6.502140886202677e-03	1.997000e+01
6.512380886202616e-03	1.997030e+01
6.522620886202556e-03	1.997060e+01
6.532860886202495e-03	1.997090e+01
6.543100886202434e-03	1.997120e+01
6.553340886202373e-03	1.997149e+01
6.563580886202312e-03	1.997178e+01
6.573820886202252e-03	1.997207e+01
6.584060886202191e-03	1.997235e+01
6.594300886202130e-03	1.997264e+01
6.604540886202069e-03	1.997292e+01
6.614780886202008e-03	1.997319e+01
6.625020886201947e-03	1.997346e+01
6.635260886201887e-03	1.997374e+01
6.645500886201826e-03	1.997400e+01
6.655740886201765e-03	1.997427e+01
6.665980886201704e-03	1.997453e+01
6.676220886201643e-03	1.997479e+01
6.686460886201583e-03	1.997505e+01
6.696700886201522e-03	1.997530e+01
6.706940886201461e-03	1.997555e+01
6.717180886201400e-03	1.997580e+01
6.727420886201339e-03	1.997605e+01
6.737660886201279e-03	1.997629e+01
6.747900886201218e-03	1.997653e+01
6.758140886201157e-03	1.997677e+01
6.768380886201096e-03	1.997701e+01
6.778620886201035e-03	1.997724e+01
6.788860886200974e-03	1.997747e+01
6.799100886200914e-03	1.997771e+01
6.809340886200853e-03	1.997793e+01
6.819580886200792e-03	1.997816e+01
6.829820886200731e-03	1.997838e+01
6.840060886200670e-03	1.997860e+01
6.850300886200610e-03	1.997882e+01
6.860540886200549e-03	1.997903e+01
6.870780886200488e-03	1.997925e+01
6.881020886200427e-03	1.997946e+01
6.891260886200366e-03	1.997967e+01
6.901500886200305e-03	1.997987e+01
6.911740886200245e-03	1.998008e+01
6.921980886200184e-03	1.998028e+01
6.932220886200123e-03	1.998048e+01
6.942460886200062e-03	1.998068e+01
6.952700886200001e-03	1.998088e+01
6.962940886199941e-03	1.998107e+01
6.973180886199880e-03	1.998127e+01
6.983420886199819e-03	1.998146e+01
6.993660886199758e-03	1.998165e+01
7.003900886199697e-03	1.998183e+01
7.014140886199637e-03	1.998202e+01
7.024380886199576e-03	1.998220e+01
7.034620886199515e-03	1.998238e+01
7.044860886199454e-03	1.998256e+01
7.055100886199393e-03	1.998274e+01
7.065340886199332e-03	1.998292e+01
7.075580886199272e-03	1.998309e+01
7.085820886199211e-03	1.998326e+01
7.096060886199150e-03	1.998343e+01
7.106300886199089e-03	1.998360e+01
7.116540886199028e-03	1.998377e+01
7.126780886198968e-03	1.998393e+01
7.137020886198907e-03	1.998410e+01
7.147260886198846e-03	1.998426e+01
7.157500886198785e-03	1.998442e+01
7.167740886198724e-03	1.998458e+01
7.177980886198664e-03	1.998474e+01
7.188220886198603e-03	1.998489e+01
7.198460886198542e-03	1.998504e+01
7.208700886198481e-03	1.998520e+01
7.218940886198420e-03	1.998535e+01
7.229180886198359e-03	1.998550e+01
7.239420886198299e-03	1.998565e+01
7.249660886198238e-03	1.998579e+01
7.259900886198177e-03	1.998594e+01
7.270140886198116e-03	1.998608e+01
7.280380886198055e-03	1.998622e+01
7.290620886197995e-03	1.998636e+01
7.300860886197934e-03	1.998650e+01
7.311100886197873e-03	1.998664e+01
7.321340886197812e-03	1.998677e+01
7.331580886197751e-03	1.998691e+01
7.341820886197691e-03	1.998704e+01
7.352060886197630e-03	1.998717e+01
7.362300886197569e-03	1.998730e+01
7.372540886197508e-03	1.998743e+01
7.382780886197447e-03	1.998756e+01
7.393020886197386e-03	1.998769e+01
7.403260886197326e-03	1.998781e+01
7.413500886197265e-03	1.998794e+01
7.423740886197204e-03	1.998806e+01
7.433980886197143e-03	1.998818e+01
7.444220886197082e-03	1.998830e+01
7.454460886197022e-03	1.998842e+01
7.464700886196961e-03	1.998854e+01
7.474940886196900e-03	1.998866e+01
7.485180886196839e-03	1.998877e+01
7.495420886196778e-03	1.998889e+01
7.505660886196718e-03	1.998900e+01
7.515900886196657e-03	1.998911e+01
7.526140886196596e-03	1.998922e+01
7.536380886196535e-03	1.998933e+01
7.546620886196474e-03	1.998944e+01
7.556860886196413e-03	1.998955e+01
7.567100886196353e-03	1.998966e+01
7.577340886196292e-03	1.998976e+01
7.587580886196231e-03	1.998987e+01
7.597820886196170e-03	1.998997e+01
7.608060886196109e-03	1.999007e+01
7.618300886196049e-03	1.999017e+01
7.628540886195988e-03	1.999027e+01
7.638780886195927e-03	1.999037e+01
7.649020886195866e-03	1.999047e+01
7.659260886195805e-03	1.999057e+01
7.669500886195744e-03	1.999066e+01
7.679740886195684e-03	1.999076e+01
7.689980886195623e-03	1.999085e+01
7.700220886195562e-03	1.999095e+01
7.710460886195501e-03	1.999104e+01
7.720700886195440e-03	1.999113e+01
7.730940886195380e-03	1.999122e+01
7.741180886195319e-03	1.999131e+01
7.751420886195258e-03	1.999140e+01
7.761660886195197e-03	1.999149e+01
7.771900886195136e-03	1.999157e+01
7.782140886195076e-03	1.999166e+01
7.792380886195015e-03	1.999174e+01
7.802620886194954e-03	1.999183e+01
7.812860886194893e-03	1.999191e+01
7.823100886194832e-03	1.999199e+01
7.833340886194771e-03	1.999207e+01
7.843580886194711e-03	1.999216e+01
7.853820886194650e-03	1.999224e+01
7.864060886194589e-03	1.999231e+01
7.874300886194528e-03	1.999239e+01
7.884540886194467e-03	1.999247e+01
7.894780886194407e-03	1.999255e+01
7.905020886194346e-03	1.999262e+01
7.915260886194285e-03	1.999270e+01
7.925500886194224e-03	1.999277e+01
7.935740886194163e-03	1.999285e+01
7.945980886194103e-03	1.999292e+01
7.956220886194042e-03	1.999299e+01
7.966460886193981e-03	1.999306e+01
7.976700886193920e-03	1.999313e+01
7.986940886193859e-03	1.999320e+01
7.997180886193798e-03	1.999327e+01
8.007420886193738e-03	1.999334e+01
8.017660886193677e-03	1.999341e+01
8.027900886193616e-03	1.999347e+01
8.038140886193555e-03	1.999354e+01
8.048380886193494e-03	1.999361e+01
8.058620886193434e-03	1.999367e+01
8.068860886193373e-03	1.999374e+01
8.079100886193312e-03	1.999380e+01
8.089340886193251e-03	1.999386e+01
8.099580886193190e-03	1.999393e+01
8.109820886193130e-03	1.999399e+01
8.120060886193069e-03	1.999405e+01
8.130300886193008e-03	1.999411e+01
8.140540886192947e-03	1.999417e+01
8.150780886192886e-03	1.999423e+01
8.161020886192825e-03	1.999429e+01
8.171260886192765e-03	1.999435e+01
8.181500886192704e-03	1.999440e+01
8.191740886192643e-03	1.999446e+01
8.201980886192582e-03	1.999452e+01
8.212220886192521e-03	1.999457e+01
8.222460886192461e-03	1.999463e+01
8.232700886192400e-03	1.999468e+01
8.242940886192339e-03	1.999474e+01
8.253180886192278e-03	1.999479e+01
8.263420886192217e-03	1.999484e+01
8.273660886192157e-03	1.999490e+01
8.283900886192096e-03	1.999495e+01
8.294140886192035e-03	1.999500e+01
8.304380886191974e-03	1.999505e+01
8.314620886191913e-03	1.999510e+01
8.324860886191852e-03	1.999515e+01
8.335100886191792e-03	1.999520e+01
8.345340886191731e-03	1.999525e+01
8.355580886191670e-03	1.999530e+01
8.365820886191609e-03	1.999535e+01
8.376060886191548e-03	1.999539e+01
8.386300886191488e-03	1.999544e+01
8.396540886191427e-03	1.999549e+01
8.406780886191366e-03	1.999553e+01
8.417020886191305e-03	1.999558e+01
8.427260886191244e-03	1.999562e+01
8.437500886191183e-03	1.999567e+01
8.447740886191123e-03	1.999571e+01
8.457980886191062e-03	1.999576e+01
8.468220886191001e-03	1.999580e+01
8.478460886190940e-03	1.999584e+01
8.488700886190879e-03	1.999588e+01
8.498940886190819e-03	1.999593e+01
8.509180886190758e-03	1.999597e+01
8.519420886190697e-03	1.999601e+01
8.529660886190636e-03	1.999605e+01
8.539900886190575e-03	1.999609e+01
8.550140886190515e-03	1.999613e+01
8.560380886190454e-03	1.999617e+01
8.570620886190393e-03	1.999621e+01
8.580860886190332e-03	1.999625e+01
8.591100886190271e-03	1.999628e+01
8.601340886190210e-03	1.999632e+01
8.611580886190150e-03	1.999636e+01
8.621820886190089e-03	1.999640e+01
8.632060886190028e-03	1.999643e+01
8.642300886189967e-03	1.999647e+01
8.652540886189906e-03	1.999651e+01
8.662780886189846e-03	1.999654e+01
8.673020886189785e-03	1.999658e+01
8.683260886189724e-03	1.999661e+01
8.693500886189663e-03	1.999665e+01
8.703740886189602e-03	1.999668e+01
8.713980886189542e-03	1.999671e+01
8.724220886189481e-03	1.999675e+01
8.734460886189420e-03	1.999678e+01
8.744700886189359e-03	1.999681e+01
8.754940886189298e-03	1.999685e+01
8.765180886189237e-03	1.999688e+01
8.775420886189177e-03	1.999691e+01
8.785660886189116e-03	1.999694e+01
8.795900886189055e-03	1.999697e+01
8.806140886188994e-03	1.999700e+01
8.816380886188933e-03	1.999703e+01
8.826620886188873e-03	1.999706e+01
8.836860886188812e-03	1.999710e+01
8.847100886188751e-03	1.999712e+01
8.857340886188690e-03	1.999715e+01
8.867580886188629e-03	1.999718e+01
8.877820886188569e-03	1.999721e+01
8.888060886188508e-03	1.999724e+01
8.898300886188447e-03	1.999727e+01
8.908540886188386e-03	1.999730e+01
8.918780886188325e-03	1.999732e+01
8.929020886188264e-03	1.999735e+01
8.939260886188204e-03	1.999738e+01
8.949500886188143e-03	1.999740e+01
8.959740886188082e-03	1.999743e+01
8.969980886188021e-03	1.999746e+01
8.980220886187960e-03	1.999748e+01
8.990460886187900e-03	1.999751e+01
9.000700886187839e-03	1.999753e+01
9.010940886187778e-03	1.999756e+01
9.021180886187717e-03	1.999758e+01
9.031420886187656e-03	1.999761e+01
9.041660886187596e-03	1.999763e+01
9.051900886187535e-03	1.999766e+01
9.062140886187474e-03	1.999768e+01
9.072380886187413e-03	1.999770e+01
9.082620886187352e-03	1.999773e+01
9.092860886187291e-03	1.999775e+01
9.103100886187231e-03	1.999777e+01
9.113340886187170e-03	1.999780e+01
9.123580886187109e-03	1.999782e+01
9.133820886187048e-03	1.999784e+01
9.144060886186987e-03	1.999786e+01
9.154300886186927e-03	1.999788e+01
9.164540886186866e-03	1.999791e+01
9.174780886186805e-03	1.999793e+01
9.185020886186744e-03	1.999795e+01
9.195260886186683e-03	1.999797e+01
9.205500886186622e-03	1.999799e+01
9.215740886186562e-03	1.999801e+01
9.225980886186501e-03	1.999803e+01
9.236220886186440e-03	1.999805e+01
9.246460886186379e-03	1.999807e+01
9.256700886186318e-03	1.999809e+01
9.266940886186258e-03	1.999811e+01
9.277180886186197e-03	1.999813e+01
9.287420886186136e-03	1.999815e+01
9.297660886186075e-03	1.999817e+01
9.307900886186014e-03	1.999819e+01
9.318140886185954e-03	1.999821e+01
9.328380886185893e-03	1.999822e+01
9.338620886185832e-03	1.999824e+01
9.348860886185771e-03	1.999826e+01
9.359100886185710e-03	1.999828e+01
9.369340886185649e-03	1.999829e+01
9.379580886185589e-03	1.999831e+01
9.389820886185528e-03	1.999833e+01
9.400060886185467e-03	1.999835e+01
9.410300886185406e-03	1.999836e+01
9.420540886185345e-03	1.999838e+01
9.430780886185285e-03	1.999840e+01
9.441020886185224e-03	1.999841e+01
9.451260886185163e-03	1.999843e+01
9.461500886185102e-03	1.999844e+01
9.471740886185041e-03	1.999846e+01
9.481980886184981e-03	1.999848e+01
9.492220886184920e-03	1.999849e+01
9.502460886184859e-03	1.999851e+01
9.512700886184798e-03	1.999852e+01
9.522940886184737e-03	1.999854e+01
9.533180886184676e-03	1.999855e+01
9.543420886184616e-03	1.999857e+01
9.553660886184555e-03	1.999858e+01
9.563900886184494e-03	1.999860e+01
9.574140886184433e-03	1.999861e+01
9.584380886184372e-03	1.999862e+01
9.594620886184312e-03	1.999864e+01
9.604860886184251e-03	1.999865e+01
9.615100886184190e-03	1.999866e+01
9.625340886184129e-03	1.999868e+01
9.635580886184068e-03	1.999869e+01
9.645820886184008e-03	1.999871e+01
9.656060886183947e-03	1.999872e+01
9.666300886183886e-03	1.999873e+01
9.676540886183825e-03	1.999874e+01
9.686780886183764e-03	1.999876e+01
9.697020886183703e-03	1.999877e+01
9.707260886183643e-03	1.999878e+01
9.717500886183582e-03	1.999880e+01
9.727740886183521e-03	1.999881e+01
9.737980886183460e-03	1.999882e+01
9.748220886183399e-03	1.999883e+01
9.758460886183339e-03	1.999884e+01
9.768700886183278e-03	1.999886e+01
9.778940886183217e-03	1.999887e+01
9.789180886183156e-03	1.999888e+01
9.799420886183095e-03	1.999889e+01
9.809660886183035e-03	1.999890e+01
9.819900886182974e-03	1.999891e+01
9.830140886182913e-03	1.999892e+01
9.840380886182852e-03	1.999894e+01
9.850620886182791e-03	1.999895e+01
9.860860886182730e-03	1.999896e+01
9.871100886182670e-03	1.999897e+01
9.881340886182609e-03	1.999898e+01
9.891580886182548e-03	1.999899e+01
9.901820886182487e-03	1.999900e+01
9.912060886182426e-03	1.999901e+01
9.922300886182366e-03	1.999902e+01
9.932540886182305e-03	1.999903e+01
9.942780886182244e-03	1.999904e+01
9.953020886182183e-03	1.999905e+01
9.963260886182122e-03	1.999906e+01
9.973500886182061e-03	1.999907e+01
9.983740886182001e-03	1.999908e+01
9.993980886181940e-03	1.999909e+01
1.000000000100000e-02	1.999909e+01
1.000000000200000e-02	1.999909e+01
1.000402048768448e-02	1.991885e+01
1.001426048768442e-02	1.971592e+01
1.002450048768436e-02	1.951506e+01
1.003474048768430e-02	1.931624e+01
1.004498048768424e-02	1.911946e+01
1.005522048768418e-02	1.892467e+01
1.006546048768412e-02	1.873187e+01
1.007570048768406e-02	1.854103e+01
1.008594048768400e-02	1.835214e+01
1.009618048768394e-02	1.816518e+01
1.010642048768388e-02	1.798011e+01
1.011666048768381e-02	1.779694e+01
1.012690048768375e-02	1.761563e+01
1.013714048768369e-02	1.743616e+01
1.014738048768363e-02	1.725853e+01
1.015762048768357e-02	1.708270e+01
1.016786048768351e-02	1.690867e+01
1.017810048768345e-02	1.673641e+01
1.018834048768339e-02	1.656590e+01
1.019858048768333e-02	1.639713e+01
1.020882048768327e-02	1.623008e+01
1.021906048768321e-02	1.606473e+01
1.022930048768315e-02	1.590107e+01
1.023954048768308e-02	1.573907e+01
1.024978048768302e-02	1.557873e+01
1.026002048768296e-02	1.542002e+01
1.027026048768290e-02	1.526292e+01
1.028050048768284e-02	1.510743e+01
1.029074048768278e-02	1.495352e+01
1.030098048768272e-02	1.480117e+01
1.031122048768266e-02	1.465038e+01
1.032146048768260e-02	1.450113e+01
1.033170048768254e-02	1.435339e+01
1.034194048768248e-02	1.420716e+01
1.035218048768242e-02	1.406243e+01
1.036242048768236e-02	1.391916e+01
1.037266048768229e-02	1.377736e+01
1.038290048768223e-02	1.363700e+01
1.039314048768217e-02	1.349807e+01
1.040338048768211e-02	1.336055e+01
1.041362048768205e-02	1.322444e+01
1.042386048768199e-02	1.308971e+01
1.043410048768193e-02	1.295636e+01
1.044434048768187e-02	1.282436e+01
1.045458048768181e-02	1.269371e+01
1.046482048768175e-02	1.256439e+01
1.047506048768169e-02	1.243638e+01
1.048530048768163e-02	1.230969e+01
1.049554048768156e-02	1.218428e+01
1.050578048768150e-02	1.206015e+01
1.051602048768144e-02	1.193728e+01
1.052626048768138e-02	1.181567e+01
1.053650048768132e-02	1.169529e+01
1.054674048768126e-02	1.157614e+01
1.055698048768120e-02	1.145821e+01
1.056722048768114e-02	1.134148e+01
1.057746048768108e-02	1.122593e+01
1.058770048768102e-02	1.111156e+01
1.059794048768096e-02	1.099836e+01
1.060818048768090e-02	1.088631e+01
1.061842048768083e-02	1.077541e+01
1.062866048768077e-02	1.066563e+01
1.063890048768071e-02	1.055697e+01
1.064914048768065e-02	1.044942e+01
1.065938048768059e-02	1.034296e+01
1.066962048768053e-02	1.023759e+01
1.067986048768047e-02	1.013329e+01
1.069010048768041e-02	1.003006e+01
1.070034048768035e-02	9.927875e+00
1.071058048768029e-02	9.826732e+00
1.072082048768023e-02	9.726620e+00
1.073106048768017e-02	9.627527e+00
1.074130048768011e-02	9.529444e+00
1.075154048768004e-02	9.432361e+00
1.076178048767998e-02	9.336266e+00
1.077202048767992e-02	9.241151e+00
1.078226048767986e-02	9.147004e+00
1.079250048767980e-02	9.053817e+00
1.080274048767974e-02	8.961578e+00
1.081298048767968e-02	8.870280e+00
1.082322048767962e-02	8.779912e+00
1.083346048767956e-02	8.690464e+00
1.084370048767950e-02	8.601928e+00
1.085394048767944e-02	8.514294e+00
1.086418048767938e-02	8.427552e+00
1.087442048767931e-02	8.341695e+00
1.088466048767925e-02	8.256712e+00
1.089490048767919e-02	8.172594e+00
1.090514048767913e-02	8.089334e+00
1.091538048767907e-02	8.006922e+00
1.092562048767901e-02	7.925349e+00
1.093586048767895e-02	7.844608e+00
1.094610048767889e-02	7.764689e+00
1.095634048767883e-02	7.685584e+00
1.096658048767877e-02	7.607285e+00
1.097682048767871e-02	7.529784e+00
1.098706048767865e-02	7.453073e+00
1.099730048767858e-02	7.377142e+00
1.100754048767852e-02	7.301986e+00
1.101778048767846e-02	7.227595e+00
1.102802048767840e-02	7.153963e+00
1.103826048767834e-02	7.081079e+00
1.104850048767828e-02	7.008939e+00
1.105874048767822e-02	6.937534e+00
1.106898048767816e-02	6.866856e+00
1.107922048767810e-02	6.796898e+00
1.108946048767804e-02	6.727654e+00
1.109970048767798e-02	6.659113e+00
1.110994048767792e-02	6.591272e+00
1.112018048767786e-02	6.524122e+00
1.113042048767779e-02	6.457656e+00
1.114066048767773e-02	6.391867e+00
1.115090048767767e-02	6.326748e+00
1.116114048767761e-02	6.262293e+00
1.117138048767755e-02	6.198494e+00
1.118162048767749e-02	6.135345e+00
1.119186048767743e-02	6.072840e+00
1.120210048767737e-02	6.010972e+00
1.121234048767731e-02	5.949733e+00
1.122258048767725e-02	5.889119e+00
1.123282048767719e-02	5.829122e+00
1.124306048767713e-02	5.769736e+00
1.125330048767706e-02	5.710956e+00
1.126354048767700e-02	5.652774e+00
1.127378048767694e-02	5.595185e+00
1.128402048767688e-02	5.538183e+00
1.129426048767682e-02	5.481761e+00
1.130450048767676e-02	5.425914e+00
1.131474048767670e-02	5.370636e+00
1.132498048767664e-02	5.315922e+00
1.133522048767658e-02	5.261764e+00
1.134546048767652e-02	5.208159e+00
1.135570048767646e-02	5.155099e+00
1.136594048767640e-02	5.102581e+00
1.137618048767633e-02	5.050597e+00
1.138642048767627e-02	4.999143e+00
1.139666048767621e-02	4.948213e+00
1.140690048767615e-02	4.897801e+00
1.141714048767609e-02	4.847904e+00
1.142738048767603e-02	4.798514e+00
1.143762048767597e-02	4.749629e+00
1.144786048767591e-02	4.701241e+00
1.145810048767585e-02	4.653345e+00
1.146834048767579e-02	4.605938e+00
1.147858048767573e-02	4.559014e+00
1.148882048767567e-02	4.512568e+00
1.149906048767560e-02	4.466595e+00
1.150930048767554e-02	4.421091e+00
1.151954048767548e-02	4.376050e+00
1.152978048767542e-02	4.331468e+00
1.154002048767536e-02	4.287340e+00
1.155026048767530e-02	4.243661e+00
1.156050048767524e-02	4.200428e+00
1.157074048767518e-02	4.157635e+00
1.158098048767512e-02	4.115278e+00
1.159122048767506e-02	4.073352e+00
1.160146048767500e-02	4.031854e+00
1.161170048767494e-02	3.990779e+00
1.162194048767488e-02	3.950122e+00
1.163218048767481e-02	3.909879e+00
1.164242048767475e-02	3.870046e+00
1.165266048767469e-02	3.830619e+00
1.166290048767463e-02	3.791594e+00
1.167314048767457e-02	3.752966e+00
1.168338048767451e-02	3.714731e+00
1.169362048767445e-02	3.676887e+00
1.170386048767439e-02	3.639427e+00
1.171410048767433e-02	3.602350e+00
1.172434048767427e-02	3.565650e+00
1.173458048767421e-02	3.529324e+00
1.174482048767415e-02	3.493368e+00
1.175506048767408e-02	3.457779e+00
1.176530048767402e-02	3.422552e+00
1.177554048767396e-02	3.387684e+00
1.178578048767390e-02	3.353171e+00
1.179602048767384e-02	3.319010e+00
1.180626048767378e-02	3.285196e+00
1.181650048767372e-02	3.251728e+00
1.182674048767366e-02	3.218600e+00
1.183698048767360e-02	3.185809e+00
1.184722048767354e-02	3.153353e+00
1.185746048767348e-02	3.121228e+00
1.186770048767342e-02	3.089429e+00
1.187794048767335e-02	3.057955e+00
1.188818048767329e-02	3.026801e+00
1.189842048767323e-02	2.995965e+00
1.190866048767317e-02	2.965443e+00
1.191890048767311e-02	2.935232e+00
1.192914048767305e-02	2.905328e+00
1.193938048767299e-02	2.875730e+00
1.194962048767293e-02	2.846432e+00
1.195986048767287e-02	2.817434e+00
1.197010048767281e-02	2.788730e+00
1.198034048767275e-02	2.760319e+00
1.199058048767269e-02	2.732198e+00
1.200082048767263e-02	2.704363e+00
1.201106048767256e-02	2.676812e+00
1.202130048767250e-02	2.649541e+00
1.203154048767244e-02	2.622548e+00
1.204178048767238e-02	2.595830e+00
1.205202048767232e-02	2.569385e+00
1.206226048767226e-02	2.543208e+00
1.207250048767220e-02	2.517299e+00
1.208274048767214e-02	2.491653e+00
1.209298048767208e-02	2.466269e+00
1.210322048767202e-02	2.441143e+00
1.211346048767196e-02	2.416273e+00
1.212370048767190e-02	2.391657e+00
1.213394048767183e-02	2.367291e+00
1.214418048767177e-02	2.343174e+00
1.215442048767171e-02	2.319302e+00
1.216466048767165e-02	2.295674e+00
1.217490048767159e-02	2.272286e+00
1.218514048767153e-02	2.249136e+00
1.219538048767147e-02	2.226223e+00
1.220562048767141e-02	2.203543e+00
1.221586048767135e-02	2.181093e+00
1.222610048767129e-02	2.158873e+00
1.223634048767123e-02	2.136879e+00
1.224658048767117e-02	2.115109e+00
1.225682048767110e-02	2.093561e+00
1.226706048767104e-02	2.072232e+00
1.227730048767098e-02	2.051121e+00
1.228754048767092e-02	2.030225e+00
1.229778048767086e-02	2.009541e+00
1.230802048767080e-02	1.989068e+00
1.231826048767074e-02	1.968804e+00
1.232850048767068e-02	1.948747e+00
1.233874048767062e-02	1.928893e+00
1.234898048767056e-02	1.909242e+00
1.235922048767050e-02	1.889791e+00
1.236946048767044e-02	1.870539e+00
1.237970048767037e-02	1.851482e+00
1.238994048767031e-02	1.832620e+00
1.240018048767025e-02	1.813949e+00
1.241042048767019e-02	1.795469e+00
1.242066048767013e-02	1.777177e+00
1.243090048767007e-02	1.759072e+00
1.244114048767001e-02	1.741151e+00
1.245138048766995e-02	1.723413e+00
1.246162048766989e-02	1.705855e+00
1.247186048766983e-02	1.688476e+00
1.248210048766977e-02	1.671274e+00
1.249234048766971e-02	1.654248e+00
1.250258048766965e-02	1.637395e+00
1.251282048766958e-02	1.620713e+00
1.252306048766952e-02	1.604202e+00
1.253330048766946e-02	1.587859e+00
1.254354048766940e-02	1.571682e+00
1.255378048766934e-02	1.555670e+00
1.256402048766928e-02	1.539821e+00
1.257426048766922e-02	1.524134e+00
1.258450048766916e-02	1.508607e+00
1.259474048766910e-02	1.493237e+00
1.260498048766904e-02	1.478024e+00
1.261522048766898e-02	1.462967e+00
1.262546048766892e-02	1.448062e+00
1.263570048766885e-02	1.433310e+00
1.264594048766879e-02	1.418708e+00
1.265618048766873e-02	1.404254e+00
1.266642048766867e-02	1.389948e+00
1.267666048766861e-02	1.375788e+00
1.268690048766855e-02	1.361771e+00
1.269714048766849e-02	1.347898e+00
1.270738048766843e-02	1.334166e+00
1.271762048766837e-02	1.320574e+00
1.272786048766831e-02	1.307120e+00
1.273810048766825e-02	1.293804e+00
1.274834048766819e-02	1.280623e+00
1.275858048766812e-02	1.267576e+00
1.276882048766806e-02	1.254662e+00
1.277906048766800e-02	1.241880e+00
1.278930048766794e-02	1.229228e+00
1.279954048766788e-02	1.216705e+00
1.280978048766782e-02	1.204309e+00
1.282002048766776e-02	1.192040e+00
1.283026048766770e-02	1.179896e+00
1.284050048766764e-02	1.167876e+00
1.285074048766758e-02	1.155978e+00
1.286098048766752e-02	1.144201e+00
1.287122048766746e-02	1.132544e+00
1.288146048766740e-02	1.121006e+00
1.289170048766733e-02	1.109585e+00
1.290194048766727e-02	1.098281e+00
1.291218048766721e-02	1.087092e+00
1.292242048766715e-02	1.076017e+00
1.293266048766709e-02	1.065055e+00
1.294290048766703e-02	1.054204e+00
1.295314048766697e-02	1.043464e+00
1.296338048766691e-02	1.032834e+00
1.297362048766685e-02	1.022312e+00
1.298386048766679e-02	1.011897e+00
1.299410048766673e-02	1.001588e+00
1.300434048766667e-02	9.913837e-01
1.301458048766660e-02	9.812837e-01
1.302482048766654e-02	9.712867e-01
1.303506048766648e-02	9.613914e-01
1.304530048766642e-02	9.515970e-01
1.305554048766636e-02	9.419024e-01
1.306578048766630e-02	9.323065e-01
1.307602048766624e-02	9.228084e-01
1.308626048766618e-02	9.134071e-01
1.309650048766612e-02	9.041016e-01
1.310674048766606e-02	8.948908e-01
1.311698048766600e-02	8.857738e-01
1.312722048766594e-02	8.767498e-01
1.313746048766587e-02	8.678177e-01
1.314770048766581e-02	8.589766e-01
1.315794048766575e-02	8.502256e-01
1.316818048766569e-02	8.415636e-01
1.317842048766563e-02	8.329901e-01
1.318866048766557e-02	8.245037e-01
1.319890048766551e-02	8.161039e-01
1.320914048766545e-02	8.077896e-01
1.321938048766539e-02	7.995601e-01
1.322962048766533e-02	7.914144e-01
1.323986048766527e-02	7.833516e-01
1.325010048766521e-02	7.753710e-01
1.326034048766515e-02	7.674717e-01
1.327058048766508e-02	7.596529e-01
1.328082048766502e-02	7.519138e-01
1.329106048766496e-02	7.442535e-01
1.330130048766490e-02	7.366712e-01
1.331154048766484e-02	7.291662e-01
1.332178048766478e-02	7.217376e-01
1.333202048766472e-02	7.143847e-01
1.334226048766466e-02	7.071068e-01
1.335250048766460e-02	6.999030e-01
1.336274048766454e-02	6.927725e-01
1.337298048766448e-02	6.857147e-01
1.338322048766442e-02	6.787288e-01
1.339346048766435e-02	6.718141e-01
1.340370048766429e-02	6.649698e-01
1.341394048766423e-02	6.581953e-01
1.342418048766417e-02	6.514897e-01
1.343442048766411e-02	6.448525e-01
1.344466048766405e-02	6.382830e-01
1.345490048766399e-02	6.317803e-01
1.346514048766393e-02	6.253439e-01
1.347538048766387e-02	6.189730e-01
1.348562048766381e-02	6.126671e-01
1.349586048766375e-02	6.064253e-01
1.350610048766369e-02	6.002473e-01
1.351634048766362e-02	5.941321e-01
1.352658048766356e-02	5.880792e-01
1.353682048766350e-02	5.820880e-01
1.354706048766344e-02	5.761579e-01
1.355730048766338e-02	5.702881e-01
1.356754048766332e-02	5.644782e-01
1.357778048766326e-02	5.587274e-01
1.358802048766320e-02	5.530352e-01
1.359826048766314e-02	5.474010e-01
1.360850048766308e-02	5.418242e-01
1.361874048766302e-02	5.363043e-01
1.362898048766296e-02	5.308405e-01
1.363922048766289e-02	5.254325e-01
1.364946048766283e-02	5.200795e-01
1.365970048766277e-02	5.147811e-01
1.366994048766271e-02	5.095366e-01
1.368018048766265e-02	5.043455e-01
1.369042048766259e-02	4.992074e-01
1.370066048766253e-02	4.941216e-01
1.371090048766247e-02	4.890876e-01
1.372114048766241e-02	4.841049e-01
1.373138048766235e-02	4.791730e-01
1.374162048766229e-02	4.742913e-01
1.375186048766223e-02	4.694593e-01
1.376210048766217e-02	4.646766e-01
1.377234048766210e-02	4.599426e-01
1.378258048766204e-02	4.552568e-01
1.379282048766198e-02	4.506188e-01
1.380306048766192e-02	4.460280e-01
1.381330048766186e-02	4.414839e-01
1.382354048766180e-02	4.369862e-01
1.383378048766174e-02	4.325343e-01
1.384402048766168e-02	4.281278e-01
1.385426048766162e-02	4.237661e-01
1.386450048766156e-02	4.194489e-01
1.387474048766150e-02	4.151756e-01
1.388498048766144e-02	4.109459e-01
1.389522048766137e-02	4.067593e-01
1.390546048766131e-02	4.026154e-01
1.391570048766125e-02	3.985136e-01
1.392594048766119e-02	3.944536e-01
1.393618048766113e-02	3.904351e-01
1.394642048766107e-02	3.864574e-01
1.395666048766101e-02	3.825203e-01
1.396690048766095e-02	3.786232e-01
1.397714048766089e-02	3.747659e-01
1.398738048766083e-02	3.709479e-01
1.399762048766077e-02	3.671688e-01
1.400786048766071e-02	3.634282e-01
1.401810048766064e-02	3.597257e-01
1.402834048766058e-02	3.560609e-01
1.403858048766052e-02	3.524334e-01
1.404882048766046e-02	3.488429e-01
1.405906048766040e-02	3.452890e-01
1.406930048766034e-02	3.417712e-01
1.407954048766028e-02	3.382894e-01
1.408978048766022e-02	3.348430e-01
1.410002048766016e-02	3.314317e-01
1.411026048766010e-02	3.280551e-01
1.412050048766004e-02	3.247130e-01
1.413074048765998e-02	3.214049e-01
1.414098048765992e-02	3.181305e-01
1.415122048765985e-02	3.148895e-01
1.416146048765979e-02	3.116814e-01
1.417170048765973e-02	3.085061e-01
1.418194048765967e-02	3.053631e-01
1.419218048765961e-02	3.022522e-01
1.420242048765955e-02	2.991729e-01
1.421266048765949e-02	2.961250e-01
1.422290048765943e-02	2.931082e-01
1.423314048765937e-02	2.901220e-01
1.424338048765931e-02	2.871664e-01
1.425362048765925e-02	2.842408e-01
1.426386048765919e-02	2.813450e-01
1.427410048765912e-02	2.784787e-01
1.428434048765906e-02	2.756416e-01
1.429458048765900e-02	2.728335e-01
1.430482048765894e-02	2.700539e-01
1.431506048765888e-02	2.673027e-01
1.432530048765882e-02	2.645795e-01
1.433554048765876e-02	2.618840e-01
1.434578048765870e-02	2.592160e-01
1.435602048765864e-02	2.565752e-01
1.436626048765858e-02	2.539612e-01
1.437650048765852e-02	2.513739e-01
1.438674048765846e-02	2.488130e-01
1.439698048765839e-02	2.462782e-01
1.440722048765833e-02	2.437692e-01
1.441746048765827e-02	2.412857e-01
1.442770048765821e-02	2.388275e-01
1.443794048765815e-02	2.363944e-01
1.444818048765809e-02	2.339861e-01
1.445842048765803e-02	2.316023e-01
1.446866048765797e-02	2.292428e-01
1.447890048765791e-02	2.269073e-01
1.448914048765785e-02	2.245957e-01
1.449938048765779e-02	2.223075e-01
1.450962048765773e-02	2.200427e-01
1.451986048765767e-02	2.178010e-01
1.453010048765760e-02	2.155821e-01
1.454034048765754e-02	2.133858e-01
1.455058048765748e-02	2.112118e-01
1.456082048765742e-02	2.090601e-01
1.457106048765736e-02	2.069302e-01
1.458130048765730e-02	2.048221e-01
1.459154048765724e-02	2.027354e-01
1.460178048765718e-02	2.006700e-01
1.461202048765712e-02	1.986256e-01
1.462226048765706e-02	1.966021e-01
1.463250048765700e-02	1.945991e-01
1.464274048765694e-02	1.926166e-01
1.465298048765687e-02	1.906543e-01
1.466322048765681e-02	1.887119e-01
1.467346048765675e-02	1.867894e-01
1.468370048765669e-02	1.848864e-01
1.469394048765663e-02	1.830028e-01
1.470418048765657e-02	1.811385e-01
1.471442048765651e-02	1.792931e-01
1.472466048765645e-02	1.774665e-01
1.473490048765639e-02	1.756585e-01
1.474514048765633e-02	1.738689e-01
1.475538048765627e-02	1.720976e-01
1.476562048765621e-02	1.703443e-01
1.477586048765614e-02	1.686089e-01
1.478610048765608e-02	1.668911e-01
1.479634048765602e-02	1.651909e-01
1.480658048765596e-02	1.635080e-01
1.481682048765590e-02	1.618422e-01
1.482706048765584e-02	1.601934e-01
1.483730048765578e-02	1.585614e-01
1.484754048765572e-02	1.569460e-01
1.485778048765566e-02	1.553470e-01
1.486802048765560e-02	1.537644e-01
1.487826048765554e-02	1.521979e-01
1.488850048765548e-02	1.506473e-01
1.489874048765541e-02	1.491126e-01
1.490898048765535e-02	1.475935e-01
1.491922048765529e-02	1.460898e-01
1.492946048765523e-02	1.446015e-01
1.493970048765517e-02	1.431283e-01
1.494994048765511e-02	1.416702e-01
1.496018048765505e-02	1.402269e-01
1.497042048765499e-02	1.387983e-01
1.498066048765493e-02	1.373842e-01
1.499090048765487e-02	1.359846e-01
1.500114048765481e-02	1.345992e-01
1.501138048765475e-02	1.332280e-01
1.502162048765469e-02	1.318707e-01
1.503186048765462e-02	1.305272e-01
1.504210048765456e-02	1.291974e-01
1.505234048765450e-02	1.278812e-01
1.506258048765444e-02	1.265784e-01
1.507282048765438e-02	1.252888e-01
1.508306048765432e-02	1.240124e-01
1.509330048765426e-02	1.227490e-01
1.510354048765420e-02	1.214985e-01
1.511378048765414e-02	1.202607e-01
1.512402048765408e-02	1.190355e-01
1.513426048765402e-02	1.178228e-01
1.514450048765396e-02	1.166224e-01
1.515474048765389e-02	1.154343e-01
1.516498048765383e-02	1.142583e-01
1.517522048765377e-02	1.130943e-01
1.518546048765371e-02	1.119421e-01
1.519570048765365e-02	1.108017e-01
1.520594048765359e-02	1.096728e-01
1.521618048765353e-02	1.085555e-01
1.522642048765347e-02	1.074496e-01
1.523666048765341e-02	1.063549e-01
1.524690048765335e-02	1.052714e-01
1.525714048765329e-02	1.041989e-01
1.526738048765323e-02	1.031374e-01
1.527762048765316e-02	1.020866e-01
1.528786048765310e-02	1.010466e-01
1.529810048765304e-02	1.000172e-01
1.530834048765298e-02	9.899820e-02
1.531858048765292e-02	9.798963e-02
1.532882048765286e-02	9.699134e-02
1.533906048765280e-02	9.600321e-02
1.534930048765274e-02	9.502516e-02
1.535954048765268e-02	9.405706e-02
1.536978048765262e-02	9.309883e-02
1.538002048765256e-02	9.215037e-02
1.539026048765250e-02	9.121156e-02
1.540050048765244e-02	9.028232e-02
1.541074048765237e-02	8.936255e-02
1.542098048765231e-02	8.845215e-02
1.543122048765225e-02	8.755101e-02
1.544146048765219e-02	8.665907e-02
1.545170048765213e-02	8.577621e-02
1.546194048765207e-02	8.490234e-02
1.547218048765201e-02	8.403738e-02
1.548242048765195e-02	8.318122e-02
1.549266048765189e-02	8.233380e-02
1.550290048765183e-02	8.149500e-02
1.551314048765177e-02	8.066475e-02
1.552338048765171e-02	7.984295e-02
1.553362048765164e-02	7.902954e-02
1.554386048765158e-02	7.822441e-02
1.555410048765152e-02	7.742748e-02
1.556434048765146e-02	7.663866e-02
1.557458048765140e-02	7.585789e-02
1.558482048765134e-02	7.508507e-02
1.559506048765128e-02	7.432012e-02
1.560530048765122e-02	7.356296e-02
1.561554048765116e-02	7.281352e-02
1.562578048765123e-02	7.207172e-02
1.563602048765295e-02	7.133747e-02
1.564626048765467e-02	7.061069e-02
1.565650048765638e-02	6.989133e-02
1.566674048765810e-02	6.917930e-02
1.567698048765981e-02	6.847452e-02
1.568722048766153e-02	6.777692e-02
1.569746048766324e-02	6.708642e-02
1.570770048766496e-02	6.640296e-02
1.571794048766667e-02	6.572647e-02
1.572818048766839e-02	6.505686e-02
1.573842048767011e-02	6.439408e-02
1.574866048767182e-02	6.373805e-02
1.575890048767354e-02	6.308870e-02
1.576914048767525e-02	6.244597e-02
1.577938048767697e-02	6.180978e-02
1.578962048767868e-02	6.118008e-02
1.579986048768040e-02	6.055680e-02
1.581010048768211e-02	5.993986e-02
1.582034048768383e-02	5.932920e-02
1.583058048768555e-02	5.872477e-02
1.584082048768726e-02	5.812650e-02
1.585106048768898e-02	5.753432e-02
1.586130048769069e-02	5.694818e-02
1.587154048769241e-02	5.636800e-02
1.588178048769412e-02	5.579374e-02
1.589202048769584e-02	5.522533e-02
1.590226048769755e-02	5.466270e-02
1.591250048769927e-02	5.410581e-02
1.592274048770098e-02	5.355460e-02
1.593298048770270e-02	5.300900e-02
1.594322048770442e-02	5.246896e-02
1.595346048770613e-02	5.193441e-02
1.596370048770785e-02	5.140532e-02
1.597394048770956e-02	5.088162e-02
1.598418048771128e-02	5.036325e-02
1.599442048771299e-02	4.985016e-02
1.600466048771471e-02	4.934230e-02
1.601490048771642e-02	4.883961e-02
1.602514048771814e-02	4.834205e-02
1.603538048771986e-02	4.784955e-02
1.604562048772157e-02	4.736207e-02
1.605586048772329e-02	4.687956e-02
1.606610048772500e-02	4.640196e-02
1.607634048772672e-02	4.592923e-02
1.608658048772843e-02	4.546131e-02
1.609682048773015e-02	4.499816e-02
1.610706048773186e-02	4.453973e-02
1.611730048773358e-02	4.408597e-02
1.612754048773530e-02	4.363684e-02
1.613778048773701e-02	4.319227e-02
1.614802048773873e-02	4.275224e-02
1.615826048774044e-02	4.231669e-02
1.616850048774216e-02	4.188558e-02
1.617874048774387e-02	4.145886e-02
1.618898048774559e-02	4.103649e-02
1.619922048774730e-02	4.061842e-02
1.620946048774902e-02	4.020461e-02
1.621970048775074e-02	3.979502e-02
1.622994048775245e-02	3.938960e-02
1.624018048775417e-02	3.898830e-02
1.625042048775588e-02	3.859110e-02
1.626066048775760e-02	3.819794e-02
1.627090048775931e-02	3.780879e-02
1.628114048776103e-02	3.742361e-02
1.629138048776274e-02	3.704234e-02
1.630162048776446e-02	3.666497e-02
1.631186048776618e-02	3.629143e-02
1.632210048776789e-02	3.592170e-02
1.633234048776961e-02	3.555574e-02
1.634258048777132e-02	3.519351e-02
1.635282048777304e-02	3.483497e-02
1.636306048777475e-02	3.448008e-02
1.637330048777647e-02	3.412880e-02
1.638354048777818e-02	3.378111e-02
1.639378048777990e-02	3.343695e-02
1.640402048778162e-02	3.309631e-02
1.641426048778333e-02	3.275913e-02
1.642450048778505e-02	3.242539e-02
1.643474048778676e-02	3.209504e-02
1.644498048778848e-02	3.176807e-02
1.645522048779019e-02	3.144442e-02
1.646546048779191e-02	3.112408e-02
1.647570048779362e-02	3.080699e-02
1.648594048779534e-02	3.049314e-02
1.649618048779706e-02	3.018248e-02
1.650642048779877e-02	2.987499e-02
1.651666048780049e-02	2.957063e-02
1.652690048780220e-02	2.926937e-02
1.653714048780392e-02	2.897118e-02
1.654738048780563e-02	2.867603e-02
1.655762048780735e-02	2.838389e-02
1.656786048780906e-02	2.809472e-02
1.657810048781078e-02	2.780850e-02
1.658834048781250e-02	2.752519e-02
1.659858048781421e-02	2.724477e-02
1.660882048781593e-02	2.696721e-02
1.661906048781764e-02	2.669247e-02
1.662930048781936e-02	2.642054e-02
1.663954048782107e-02	2.615137e-02
1.664978048782279e-02	2.588495e-02
1.666002048782450e-02	2.562124e-02
1.667026048782622e-02	2.536022e-02
1.668050048782794e-02	2.510185e-02
1.669074048782965e-02	2.484612e-02
1.670098048783137e-02	2.459300e-02
1.671122048783308e-02	2.434245e-02
1.672146048783480e-02	2.409445e-02
1.673170048783651e-02	2.384898e-02
1.674194048783823e-02	2.360602e-02
1.675218048783994e-02	2.336553e-02
1.676242048784166e-02	2.312748e-02
1.677266048784338e-02	2.289187e-02
1.678290048784509e-02	2.265865e-02
1.679314048784681e-02	2.242781e-02
1.680338048784852e-02	2.219932e-02
1.681362048785024e-02	2.197316e-02
1.682386048785195e-02	2.174930e-02
1.683410048785367e-02	2.152773e-02
1.684434048785538e-02	2.130841e-02
1.685458048785710e-02	2.109132e-02
1.686482048785881e-02	2.087645e-02
1.687506048786053e-02	2.066376e-02
1.688530048786225e-02	2.045325e-02
1.689554048786396e-02	2.024487e-02
1.690578048786568e-02	2.003863e-02
1.691602048786739e-02	1.983448e-02
1.692626048786911e-02	1.963241e-02
1.693650048787082e-02	1.943240e-02
1.694674048787254e-02	1.923443e-02
1.695698048787425e-02	1.903847e-02
1.696722048787597e-02	1.884451e-02
1.697746048787769e-02	1.865253e-02
1.698770048787940e-02	1.846250e-02
1.699794048788112e-02	1.827441e-02
1.700818048788283e-02	1.808823e-02
1.701842048788455e-02	1.790396e-02
1.702866048788626e-02	1.772155e-02
1.703890048788798e-02	1.754101e-02
1.704914048788969e-02	1.736231e-02
1.705938048789141e-02	1.718543e-02
1.706962048789313e-02	1.701034e-02
1.707986048789484e-02	1.683705e-02
1.709010048789656e-02	1.666552e-02
1.710034048789827e-02	1.649573e-02
1.711058048789999e-02	1.632768e-02
1.712082048790170e-02	1.616134e-02
1.713106048790342e-02	1.599669e-02
1.714130048790513e-02	1.583372e-02
1.715154048790685e-02	1.567241e-02
1.716178048790857e-02	1.551274e-02
1.717202048791028e-02	1.535470e-02
1.718226048791200e-02	1.519827e-02
1.719250048791371e-02	1.504343e-02
1.720274048791543e-02	1.489018e-02
1.721298048791714e-02	1.473848e-02
1.722322048791886e-02	1.458833e-02
1.723346048792057e-02	1.443970e-02
1.724370048792229e-02	1.429260e-02
1.725394048792401e-02	1.414699e-02
1.726418048792572e-02	1.400286e-02
1.727442048792744e-02	1.386020e-02
1.728466048792915e-02	1.371900e-02
1.729490048793087e-02	1.357923e-02
1.730514048793258e-02	1.344089e-02
1.731538048793430e-02	1.330396e-02
1.732562048793601e-02	1.316842e-02
1.733586048793773e-02	1.303427e-02
1.734610048793945e-02	1.290148e-02
1.735634048794116e-02	1.277004e-02
1.736658048794288e-02	1.263994e-02
1.737682048794459e-02	1.251117e-02
1.738706048794631e-02	1.238371e-02
1.739730048794802e-02	1.225755e-02
1.740754048794974e-02	1.213267e-02
1.741778048795145e-02	1.200906e-02
1.742802048795317e-02	1.188672e-02
1.743826048795489e-02	1.176562e-02
1.744850048795660e-02	1.164575e-02
1.745874048795832e-02	1.152711e-02
1.746898048796003e-02	1.140967e-02
1.747922048796175e-02	1.129344e-02
1.748946048796346e-02	1.117838e-02
1.749970048796518e-02	1.106450e-02
1.750994048796689e-02	1.095178e-02
1.752018048796861e-02	1.084020e-02
1.753042048797033e-02	1.072977e-02
1.754066048797204e-02	1.062045e-02
1.755090048797376e-02	1.051225e-02
1.756114048797547e-02	1.040516e-02
1.757138048797719e-02	1.029915e-02
1.758162048797890e-02	1.019423e-02
1.759186048798062e-02	1.009037e-02
1.760210048798233e-02	9.987573e-03
1.761234048798405e-02	9.885822e-03
1.762258048798577e-02	9.785108e-03
1.763282048798748e-02	9.685420e-03
1.764306048798920e-02	9.586748e-03
1.765330048799091e-02	9.489080e-03
1.766354048799263e-02	9.392408e-03
1.767378048799434e-02	9.296720e-03
1.768402048799606e-02	9.202007e-03
1.769426048799777e-02	9.108259e-03
1.770450048799949e-02	9.015467e-03
1.771474048800121e-02	8.923620e-03
1.772498048800292e-02	8.832708e-03
1.773522048800464e-02	8.742723e-03
1.774546048800635e-02	8.653654e-03
1.775570048800807e-02	8.565493e-03
1.776594048800978e-02	8.478230e-03
1.777618048801150e-02	8.391855e-03
1.778642048801321e-02	8.306362e-03
1.779666048801493e-02	8.221738e-03
1.780690048801664e-02	8.137978e-03
1.781714048801836e-02	8.055069e-03
1.782738048802008e-02	7.973007e-03
1.783762048802179e-02	7.891780e-03
1.784786048802351e-02	7.811380e-03
1.785810048802522e-02	7.731800e-03
1.786834048802694e-02	7.653030e-03
1.787858048802865e-02	7.575063e-03
1.788882048803037e-02	7.497890e-03
1.789906048803208e-02	7.421503e-03
1.790930048803380e-02	7.345895e-03
1.791954048803552e-02	7.271057e-03
1.792978048803723e-02	7.196981e-03
1.794002048803895e-02	7.123660e-03
1.795026048804066e-02	7.051086e-03
1.796050048804238e-02	6.979251e-03
1.797074048804409e-02	6.908149e-03
1.798098048804581e-02	6.837770e-03
1.799122048804752e-02	6.768109e-03
1.800146048804924e-02	6.699157e-03
1.801170048805096e-02	6.630907e-03
1.802194048805267e-02	6.563353e-03
1.803218048805439e-02	6.496488e-03
1.804242048805610e-02	6.430303e-03
1.805266048805782e-02	6.364793e-03
1.806290048805953e-02	6.299950e-03
1.807314048806125e-02	6.235768e-03
1.808338048806296e-02	6.172239e-03
1.809362048806468e-02	6.109358e-03
1.810386048806640e-02	6.047117e-03
1.811410048806811e-02	5.985511e-03
1.812434048806983e-02	5.924532e-03
1.813458048807154e-02	5.864174e-03
1.814482048807326e-02	5.804432e-03
1.815506048807497e-02	5.745297e-03
1.816530048807669e-02	5.686766e-03
1.817554048807840e-02	5.628830e-03
1.818578048808012e-02	5.571485e-03
1.819602048808184e-02	5.514724e-03
1.820626048808355e-02	5.458542e-03
1.821650048808527e-02	5.402931e-03
1.822674048808698e-02	5.347888e-03
1.823698048808870e-02	5.293405e-03
1.824722048809041e-02	5.239477e-03
1.825746048809213e-02	5.186099e-03
1.826770048809384e-02	5.133264e-03
1.827794048809556e-02	5.080967e-03
1.828818048809728e-02	5.029204e-03
1.829842048809899e-02	4.977968e-03
1.830866048810071e-02	4.927253e-03
1.831890048810242e-02	4.877056e-03
1.832914048810414e-02	4.827369e-03
1.833938048810585e-02	4.778189e-03
1.834962048810757e-02	4.729510e-03
1.835986048810928e-02	4.681327e-03
1.837010048811100e-02	4.633635e-03
1.838034048811272e-02	4.586429e-03
1.839058048811443e-02	4.539703e-03
1.840082048811615e-02	4.493454e-03
1.841106048811786e-02	4.447676e-03
1.842130048811958e-02	4.402364e-03
1.843154048812129e-02	4.357514e-03
1.844178048812301e-02	4.313121e-03
1.845202048812472e-02	4.269179e-03
1.846226048812644e-02	4.225686e-03
1.847250048812816e-02	4.182636e-03
1.848274048812987e-02	4.140025e-03
1.849298048813159e-02	4.097847e-03
1.850322048813330e-02	4.056099e-03
1.851346048813502e-02	4.014777e-03
1.852370048813673e-02	3.973875e-03
1.853394048813845e-02	3.933390e-03
1.854418048814016e-02	3.893318e-03
1.855442048814188e-02	3.853654e-03
1.856466048814360e-02	3.814393e-03
1.857490048814531e-02	3.775533e-03
1.858514048814703e-02	3.737069e-03
1.859538048814874e-02	3.698997e-03
1.860562048815046e-02	3.661312e-03
1.861586048815217e-02	3.624012e-03
1.862610048815389e-02	3.587091e-03
1.863634048815560e-02	3.550547e-03
1.864658048815732e-02	3.514375e-03
1.865682048815904e-02	3.478571e-03
1.866706048816075e-02	3.443132e-03
1.867730048816247e-02	3.408055e-03
1.868754048816418e-02	3.373334e-03
1.869778048816590e-02	3.338968e-03
1.870802048816761e-02	3.304951e-03
1.871826048816933e-02	3.271281e-03
1.872850048817104e-02	3.237954e-03
1.873874048817276e-02	3.204967e-03
1.874898048817447e-02	3.172315e-03
1.875922048817619e-02	3.139996e-03
1.876946048817791e-02	3.108007e-03
1.877970048817962e-02	3.076343e-03
1.878994048818134e-02	3.045002e-03
1.880018048818305e-02	3.013981e-03
1.881042048818477e-02	2.983275e-03
1.882066048818648e-02	2.952882e-03
1.883090048818820e-02	2.922799e-03
1.884114048818991e-02	2.893022e-03
1.885138048819163e-02	2.863549e-03
1.886162048819335e-02	2.834375e-03
1.887186048819506e-02	2.805500e-03
1.888210048819678e-02	2.776918e-03
1.889234048819849e-02	2.748627e-03
1.890258048820021e-02	2.720625e-03
1.891282048820192e-02	2.692908e-03
1.892306048820364e-02	2.665473e-03
1.893330048820535e-02	2.638318e-03
1.894354048820707e-02	2.611440e-03
1.895378048820879e-02	2.584835e-03
1.896402048821050e-02	2.558501e-03
1.897426048821222e-02	2.532436e-03
1.898450048821393e-02	2.506636e-03
1.899474048821565e-02	2.481099e-03
1.900498048821736e-02	2.455822e-03
1.901522048821908e-02	2.430803e-03
1.902546048822079e-02	2.406039e-03
1.903570048822251e-02	2.381526e-03
1.904594048822423e-02	2.357264e-03
1.905618048822594e-02	2.333249e-03
1.906642048822766e-02	2.309478e-03
1.907666048822937e-02	2.285950e-03
1.908690048823109e-02	2.262661e-03
1.909714048823280e-02	2.239610e-03
1.910738048823452e-02	2.216793e-03
1.911762048823623e-02	2.194209e-03
1.912786048823795e-02	2.171855e-03
1.913810048823967e-02	2.149729e-03
1.914834048824138e-02	2.127828e-03
1.915858048824310e-02	2.106150e-03
1.916882048824481e-02	2.084693e-03
1.917906048824653e-02	2.063455e-03
1.918930048824824e-02	2.042433e-03
1.919954048824996e-02	2.021625e-03
1.920978048825167e-02	2.001029e-03
1.922002048825339e-02	1.980643e-03
1.923026048825511e-02	1.960465e-03
1.924050048825682e-02	1.940492e-03
1.925074048825854e-02	1.920723e-03
1.926098048826025e-02	1.901155e-03
1.927122048826197e-02	1.881787e-03
1.928146048826368e-02	1.862615e-03
1.929170048826540e-02	1.843640e-03
1.930194048826711e-02	1.824857e-03
1.931218048826883e-02	1.806266e-03
1.932242048827055e-02	1.787864e-03
1.933266048827226e-02	1.769650e-03
1.934290048827398e-02	1.751621e-03
1.935314048827569e-02	1.733776e-03
1.936338048827741e-02	1.716113e-03
1.937362048827912e-02	1.698629e-03
1.938386048828084e-02	1.681324e-03
1.939410048828255e-02	1.664195e-03
1.940434048828427e-02	1.647241e-03
1.941458048828599e-02	1.630459e-03
1.942482048828770e-02	1.613848e-03
1.943506048828942e-02	1.597407e-03
1.944530048829113e-02	1.581133e-03
1.945554048829285e-02	1.565025e-03
1.946578048829456e-02	1.549081e-03
1.947602048829628e-02	1.533299e-03
1.948626048829799e-02	1.517678e-03
1.949650048829971e-02	1.502216e-03
1.950674048830143e-02	1.486912e-03
1.951698048830314e-02	1.471764e-03
1.952722048830486e-02	1.456770e-03
1.953746048830657e-02	1.441929e-03
1.954770048830829e-02	1.427239e-03
1.955794048831000e-02	1.412698e-03
1.956818048831172e-02	1.398306e-03
1.957842048831343e-02	1.384061e-03
1.958866048831515e-02	1.369960e-03
1.959890048831687e-02	1.356003e-03
1.960914048831858e-02	1.342189e-03
1.961938048832030e-02	1.328515e-03
1.962962048832201e-02	1.314980e-03
1.963986048832373e-02	1.301584e-03
1.965010048832544e-02	1.288323e-03
1.966034048832716e-02	1.275198e-03
1.967058048832887e-02	1.262207e-03
1.968082048833059e-02	1.249348e-03
1.969106048833230e-02	1.236620e-03
1.970130048833402e-02	1.224021e-03
1.971154048833574e-02	1.211551e-03
1.972178048833745e-02	1.199208e-03
1.973202048833917e-02	1.186991e-03
1.974226048834088e-02	1.174898e-03
1.975250048834260e-02	1.162929e-03
1.976274048834431e-02	1.151081e-03
1.977298048834603e-02	1.139354e-03
1.978322048834774e-02	1.127747e-03
1.979346048834946e-02	1.116258e-03
1.980370048835118e-02	1.104885e-03
1.981394048835289e-02	1.093629e-03
1.982418048835461e-02	1.082488e-03
1.983442048835632e-02	1.071459e-03
1.984466048835804e-02	1.060544e-03
1.985490048835975e-02	1.049739e-03
1.986514048836147e-02	1.039045e-03
1.987538048836318e-02	1.028459e-03
1.988562048836490e-02	1.017981e-03
1.989586048836662e-02	1.007610e-03
1.990610048836833e-02	9.973452e-04
1.991634048837005e-02	9.871845e-04
1.992658048837176e-02	9.771273e-04
1.993682048837348e-02	9.671726e-04
1.994706048837519e-02	9.573193e-04
1.995730048837691e-02	9.475664e-04
1.996754048837862e-02	9.379128e-04
1.997778048838034e-02	9.283575e-04
1.998802048838206e-02	9.188997e-04
1.999826048838377e-02	9.095381e-04
1.999999048838406e-02	9.079660e-04
2.000000000000000e-02	9.079574e-04
